11	100.00
12	98.10
13	96.19
14	95.24
15	95.24
16	95.24
17	95.24
18	95.24
19	95.24
20	95.24
21	95.24
22	95.24
23	95.24
24	95.24
25	95.24
26	95.24
27	95.24
28	95.24
29	95.24
30	95.24
31	95.24
32	95.24
33	95.24
34	95.24
35	94.29
36	94.29
37	94.29
38	94.29
39	94.29
40	94.29
41	94.29
42	94.29
43	94.29
44	94.29
45	94.29
46	92.38
47	91.43
48	90.48
49	90.48
50	90.48
51	90.48
52	90.48
53	90.48
54	92.38
55	94.29
56	96.19
57	96.19
58	96.19
59	96.19
60	96.19
61	96.19
62	96.19
63	96.19
64	96.19
65	96.19
66	96.19
67	96.19
68	94.29
69	92.38
70	92.38
71	92.38
72	92.38
73	92.38
74	92.38
75	92.38
76	92.38
77	92.38
78	91.43
79	90.48
80	89.52
81	88.57
82	87.62
83	86.67
84	84.76
85	82.86
86	80.95
87	79.05
88	79.05
89	80.95
90	82.86
91	82.86
92	82.86
93	82.86
94	82.86
95	82.86
96	82.86
97	82.86
98	82.86
99	82.86
100	82.86
101	82.86
102	82.86
103	82.86
104	82.86
105	82.86
106	82.86
107	82.86
108	82.86
109	82.86
110	81.90
111	80.95
112	79.05
113	78.10
114	77.14
115	77.14
116	77.14
117	77.14
118	77.14
119	77.14
120	78.10
121	79.05
122	80.00
123	80.95
124	81.90
125	82.86
126	84.76
127	86.67
128	88.57
129	90.48
130	92.38
131	94.29
132	96.19
133	98.10
134	99.05
135	100.00
136	100.00
137	100.00
138	100.00
139	100.00
140	100.00
141	100.00
142	100.00
143	100.00
144	100.00
145	100.00
146	100.00
147	98.10
148	98.10
149	98.10
150	98.10
151	98.10
152	98.10
153	98.10
154	98.10
155	98.10
156	98.10
157	98.10
158	98.10
159	98.10
160	98.10
161	98.10
162	98.10
163	98.10
164	98.10
165	98.10
166	98.10
167	98.10
168	100.00
169	100.00
170	100.00
171	97.14
172	96.19
173	96.19
174	96.19
175	96.19
176	96.19
177	96.19
178	96.19
179	96.19
180	96.19
181	96.19
182	96.19
183	96.19
184	96.19
185	96.19
186	96.19
187	96.19
188	96.19
189	96.19
190	96.19
191	96.19
192	97.14
193	98.10
194	98.10
195	98.10
196	98.10
197	98.10
198	98.10
199	98.10
200	98.10
201	98.10
202	98.10
203	98.10
204	98.10
205	98.10
206	98.10
207	98.10
208	98.10
209	98.10
210	98.10
211	98.10
212	98.10
213	100.00
214	100.00
215	100.00
216	100.00
217	100.00
218	100.00
219	100.00
220	100.00
221	100.00
222	100.00
223	100.00
224	100.00
225	100.00
226	100.00
227	100.00
228	100.00
229	100.00
230	100.00
231	100.00
232	100.00
233	100.00
234	97.14
235	97.14
236	97.14
237	97.14
238	97.14
239	97.14
240	97.14
241	97.14
242	97.14
243	97.14
244	97.14
245	97.14
246	97.14
247	97.14
248	97.14
249	97.14
250	97.14
251	97.14
252	97.14
253	97.14
254	97.14
255	99.05
256	99.05
257	99.05
258	99.05
259	99.05
260	99.05
261	99.05
262	99.05
263	99.05
264	99.05
265	99.05
266	99.05
267	99.05
268	99.05
269	99.05
270	99.05
271	99.05
272	99.05
273	99.05
274	99.05
275	99.05
276	100.00
277	100.00
278	100.00
279	100.00
280	100.00
281	100.00
282	100.00
283	100.00
284	100.00
285	100.00
286	99.05
287	97.14
288	97.14
289	97.14
290	97.14
291	97.14
292	97.14
293	97.14
294	97.14
295	97.14
296	97.14
297	97.14
298	97.14
299	97.14
300	97.14
301	97.14
302	97.14
303	97.14
304	97.14
305	97.14
306	97.14
307	98.10
308	100.00
309	100.00
310	100.00
311	100.00
312	100.00
313	100.00
314	100.00
315	100.00
316	100.00
317	100.00
318	100.00
319	100.00
320	100.00
321	100.00
322	100.00
323	100.00
324	100.00
325	100.00
326	100.00
327	100.00
