************************* SignalP predictions *************************
Using neural networks (NN) and hidden Markov models (HMM) trained on eukaryotes

----------------------------------------------------------------------
>ALI_PLTG_1 Hypothetical protein _1_624_ 908_+

SignalP-NN result:
>ALI_PLTG_1            length = 94

# pos  aa    C       S       Y
    1   M   0.012   0.146   0.033
    2   V   0.012   0.108   0.034
    3   E   0.013   0.075   0.036
    4   P   0.012   0.057   0.035
    5   S   0.013   0.054   0.035
    6   S   0.012   0.063   0.033
    7   P   0.012   0.057   0.033
    8   E   0.015   0.053   0.036
    9   C   0.012   0.059   0.031
   10   V   0.013   0.054   0.031
   11   V   0.012   0.052   0.030
   12   Q   0.013   0.047   0.031
   13   I   0.015   0.019   0.031
   14   I   0.014   0.015   0.028
   15   K   0.012   0.007   0.024
   16   D   0.017   0.008   0.026
   17   E   0.022   0.021   0.026
   18   K   0.015   0.019   0.019
   19   L   0.014   0.021   0.018
   20   K   0.017   0.012   0.018
   21   R   0.014   0.020   0.015
   22   A   0.029   0.038   0.017
   23   D   0.055   0.036   0.019
   24   S   0.014   0.024   0.007
   25   E   0.061   0.012   0.000
   26   F   0.016   0.017   0.000
   27   K   0.021   0.012   0.000
   28   P   0.012   0.015   0.000
   29   L   0.013   0.013   0.000
   30   T   0.013   0.007   0.000
   31   S   0.013   0.011   0.000
   32   G   0.022   0.011   0.000
   33   Q   0.034   0.009   0.000
   34   L   0.014   0.015   0.000
   35   L   0.021   0.041   0.000
   36   L   0.015   0.051   0.000
   37   K   0.018   0.076   0.000
   38   T   0.015   0.063   0.000
   39   R   0.017   0.090   0.005
   40   R   0.016   0.043   0.013
   41   R   0.052   0.047   0.029
   42   S   0.041   0.051   0.029
   43   D   0.035   0.017   0.030
   44   H   0.020   0.016   0.023
   45   R   0.031   0.011   0.029
   46   R   0.025   0.014   0.026
   47   A   0.034   0.018   0.030
   48   L   0.021   0.011   0.024
   49   L   0.016   0.008   0.022
   50   N   0.019   0.006   0.023
   51   D   0.020   0.009   0.021
   52   D   0.014   0.006   0.014
   53   D   0.012   0.008   0.005
   54   G   0.013   0.013   0.000
   55   Q   0.028   0.005   0.000
   56   D   0.014   0.006   0.000
   57   D   0.016   0.016   0.000
   58   E   0.014   0.012   0.000
   59   D   0.016   0.010   0.000
   60   E   0.016   0.009   0.000
   61   G   0.014   0.007   0.000
   62   R   0.016   0.006   0.000
   63   E   0.014   0.006   0.000
   64   C   0.013   0.015   0.000
   65   F   0.014   0.070   0.000
   66   L   0.012   0.073   0.000
   67   S   0.012   0.127   0.000
   68   K   0.013   0.163   0.000
   69   F   0.012   0.187   0.000
   70   L   0.012   0.215   0.000
   71   A   0.013   0.642   0.000
   72   V   0.015   0.610   0.000
   73   S   0.016   0.781   0.000
   74   M   0.016   0.892   0.000
   75   T   0.015   0.889   0.000
   76   L   0.046   0.879   0.000
   77   L   0.018   0.894   0.000
   78   V   0.044   0.900   0.000
   79   C   0.025   0.946   0.000
   80   G   0.056   0.919   0.000
   81   F   0.159   0.845   0.000
   82   I   0.082   0.813   0.000
   83   Y   0.090   0.858   0.000
   84   F   0.026   0.874   0.000
   85   A   0.130   0.841   0.000
   86   V   0.075   0.811   0.000
   87   L   0.028   0.940   0.004
   88   Q   0.247   0.883   0.087
   89   S   0.128   0.874   0.073
   90   W   0.127   0.871   0.074
   91   L   0.021   0.917   0.031
   92   L   0.108   0.883   0.076
   93   E   0.158   0.782   0.095
   94   S   0.042   0.824   0.044
>ALI_PLTG_1            length = 94
# Measure  Position  Value  Cutoff  signal peptide?
  max. C    88       0.247   0.33   NO
  max. Y    93       0.095   0.32   NO
  max. S    79       0.946   0.82   YES
  mean S     1-92    0.233   0.47   NO
# Most likely cleavage site between pos. 92 and 93: WLL-ES

SignalP-HMM result:
>ALI_PLTG_1
# pos  aa    C       S      n-reg   h-reg   c-reg
    1   M   0.000   0.000   0.000   0.000   0.000
    2   V   0.000   0.925   0.925   0.000   0.000
    3   E   0.000   0.925   0.925   0.000   0.000
    4   P   0.000   0.925   0.925   0.000   0.000
    5   S   0.000   0.925   0.925   0.000   0.000
    6   S   0.000   0.925   0.925   0.000   0.000
    7   P   0.000   0.925   0.925   0.000   0.000
    8   E   0.000   0.925   0.925   0.000   0.000
    9   C   0.000   0.925   0.925   0.000   0.000
   10   V   0.000   0.925   0.925   0.000   0.000
   11   V   0.000   0.925   0.925   0.000   0.000
   12   Q   0.000   0.925   0.925   0.000   0.000
   13   I   0.000   0.925   0.925   0.000   0.000
   14   I   0.000   0.925   0.925   0.000   0.000
   15   K   0.000   0.925   0.925   0.000   0.000
   16   D   0.000   0.925   0.925   0.000   0.000
   17   E   0.000   0.925   0.925   0.000   0.000
   18   K   0.000   0.925   0.925   0.000   0.000
   19   L   0.000   0.925   0.925   0.000   0.000
   20   K   0.000   0.925   0.925   0.000   0.000
   21   R   0.000   0.925   0.925   0.000   0.000
   22   A   0.000   0.925   0.925   0.000   0.000
   23   D   0.000   0.925   0.925   0.000   0.000
   24   S   0.000   0.925   0.925   0.000   0.000
   25   E   0.000   0.925   0.925   0.000   0.000
   26   F   0.000   0.925   0.925   0.000   0.000
   27   K   0.000   0.925   0.925   0.000   0.000
   28   P   0.000   0.925   0.925   0.000   0.000
   29   L   0.000   0.925   0.925   0.000   0.000
   30   T   0.000   0.925   0.925   0.000   0.000
   31   S   0.000   0.925   0.925   0.000   0.000
   32   G   0.000   0.925   0.925   0.000   0.000
   33   Q   0.000   0.925   0.925   0.000   0.000
   34   L   0.000   0.925   0.925   0.000   0.000
   35   L   0.000   0.925   0.925   0.000   0.000
   36   L   0.000   0.925   0.925   0.000   0.000
   37   K   0.000   0.925   0.925   0.000   0.000
   38   T   0.000   0.925   0.925   0.000   0.000
   39   R   0.000   0.925   0.925   0.000   0.000
   40   R   0.000   0.925   0.925   0.000   0.000
   41   R   0.000   0.925   0.925   0.000   0.000
   42   S   0.000   0.925   0.925   0.000   0.000
   43   D   0.000   0.925   0.925   0.000   0.000
   44   H   0.000   0.925   0.925   0.000   0.000
   45   R   0.000   0.925   0.925   0.000   0.000
   46   R   0.000   0.925   0.925   0.000   0.000
   47   A   0.000   0.925   0.925   0.000   0.000
   48   L   0.000   0.925   0.925   0.000   0.000
   49   L   0.000   0.925   0.925   0.000   0.000
   50   N   0.000   0.925   0.925   0.000   0.000
   51   D   0.000   0.925   0.925   0.000   0.000
   52   D   0.000   0.925   0.925   0.000   0.000
   53   D   0.000   0.925   0.925   0.000   0.000
   54   G   0.000   0.925   0.925   0.000   0.000
   55   Q   0.000   0.925   0.925   0.000   0.000
   56   D   0.000   0.925   0.925   0.000   0.000
   57   D   0.000   0.925   0.925   0.000   0.000
   58   E   0.000   0.925   0.925   0.000   0.000
   59   D   0.000   0.925   0.925   0.000   0.000
   60   E   0.000   0.925   0.925   0.000   0.000
   61   G   0.000   0.925   0.925   0.000   0.000
   62   R   0.000   0.925   0.925   0.000   0.000
   63   E   0.000   0.925   0.925   0.000   0.000
   64   C   0.000   0.925   0.925   0.000   0.000
   65   F   0.000   0.925   0.925   0.000   0.000
   66   L   0.000   0.925   0.925   0.000   0.000
   67   S   0.000   0.925   0.925   0.000   0.000
   68   K   0.000   0.925   0.925   0.000   0.000
   69   F   0.000   0.925   0.470   0.455   0.000
   70   L   0.000   0.925   0.256   0.669   0.000
   71   A   0.000   0.925   0.167   0.758   0.000
   72   V   0.000   0.925   0.104   0.822   0.000
   73   S   0.000   0.925   0.089   0.837   0.000
   74   M   0.000   0.925   0.056   0.869   0.000
   75   T   0.000   0.925   0.029   0.896   0.000
   76   L   0.000   0.925   0.008   0.917   0.000
   77   L   0.000   0.925   0.003   0.922   0.000
   78   V   0.000   0.925   0.001   0.924   0.000
   79   C   0.000   0.925   0.001   0.925   0.000
   80   G   0.000   0.925   0.000   0.925   0.000
   81   F   0.000   0.924   0.000   0.924   0.000
   82   I   0.000   0.918   0.000   0.918   0.000
   83   Y   0.000   0.904   0.000   0.904   0.000
   84   F   0.000   0.890   0.000   0.890   0.000
   85   A   0.000   0.858   0.000   0.858   0.000
   86   V   0.000   0.818   0.000   0.818   0.000
   87   L   0.000   0.717   0.000   0.717   0.000
   88   Q   0.000   0.413   0.000   0.413   0.000
   89   S   0.000   0.367   0.000   0.367   0.000
   90   W   0.000   0.346   0.000   0.346   0.000
   91   L   0.000   0.318   0.000   0.318   0.000
   92   L   0.000   0.237   0.000   0.237   0.000
   93   E   0.000   0.000   0.000   0.000   0.000
   94   S   0.000   0.000   0.000   0.000   0.000
>ALI_PLTG_1
Prediction: Signal anchor
Signal peptide probability: 0.000
Signal anchor probability: 0.925
Max cleavage site probability: 0.000 between pos. -1 and  0

----------------------------------------------------------------------
>ALI_PLTG_2 Unknown protein  _1_1412_ 2134_+

SignalP-NN result:
>ALI_PLTG_2            length = 240

# pos  aa    C       S       Y
    1   M   0.013   0.116   0.000
    2   T   0.012   0.112   0.007
    3   R   0.013   0.096   0.011
    4   Q   0.013   0.086   0.014
    5   G   0.013   0.100   0.015
    6   Y   0.013   0.110   0.016
    7   L   0.012   0.090   0.018
    8   I   0.013   0.135   0.020
    9   V   0.012   0.216   0.022
   10   H   0.012   0.281   0.027
   11   D   0.012   0.178   0.033
   12   K   0.013   0.094   0.036
   13   R   0.012   0.052   0.035
   14   S   0.013   0.064   0.035
   15   R   0.016   0.035   0.037
   16   P   0.015   0.028   0.034
   17   T   0.022   0.016   0.039
   18   V   0.015   0.015   0.031
   19   R   0.015   0.021   0.029
   20   Y   0.031   0.027   0.039
   21   L   0.020   0.016   0.029
   22   S   0.015   0.016   0.024
   23   L   0.015   0.010   0.022
   24   E   0.027   0.009   0.025
   25   D   0.014   0.020   0.010
   26   G   0.012   0.048   0.000
   27   F   0.019   0.044   0.000
   28   L   0.012   0.105   0.000
   29   R   0.024   0.115   0.000
   30   Q   0.042   0.096   0.009
   31   Y   0.022   0.069   0.016
   32   A   0.016   0.058   0.017
   33   S   0.034   0.040   0.028
   34   T   0.047   0.037   0.035
   35   D   0.053   0.030   0.038
   36   S   0.022   0.014   0.024
   37   T   0.031   0.016   0.027
   38   K   0.023   0.017   0.023
   39   C   0.022   0.035   0.021
   40   L   0.041   0.028   0.029
   41   N   0.014   0.028   0.017
   42   E   0.020   0.011   0.019
   43   I   0.022   0.006   0.017
   44   R   0.015   0.010   0.008
   45   L   0.014   0.013   0.000
   46   S   0.016   0.011   0.000
   47   G   0.016   0.018   0.000
   48   C   0.021   0.028   0.000
   49   K   0.057   0.037   0.000
   50   I   0.013   0.048   0.000
   51   A   0.023   0.038   0.000
   52   V   0.032   0.049   0.000
   53   K   0.016   0.069   0.000
   54   A   0.021   0.046   0.009
   55   Q   0.133   0.034   0.029
   56   K   0.018   0.041   0.012
   57   R   0.019   0.045   0.014
   58   A   0.032   0.046   0.021
   59   D   0.039   0.016   0.026
   60   G   0.017   0.027   0.017
   61   V   0.107   0.028   0.044
   62   P   0.015   0.012   0.017
   63   N   0.018   0.015   0.018
   64   S   0.017   0.013   0.017
   65   F   0.015   0.017   0.015
   66   Y   0.013   0.007   0.013
   67   L   0.018   0.010   0.014
   68   E   0.017   0.013   0.012
   69   T   0.012   0.020   0.007
   70   R   0.016   0.022   0.007
   71   K   0.017   0.024   0.006
   72   V   0.016   0.013   0.004
   73   F   0.016   0.028   0.000
   74   V   0.016   0.039   0.000
   75   K   0.032   0.021   0.005
   76   D   0.014   0.030   0.000
   77   R   0.016   0.023   0.000
   78   S   0.025   0.019   0.000
   79   Y   0.017   0.016   0.000
   80   T   0.017   0.014   0.000
   81   L   0.034   0.012   0.000
   82   G   0.014   0.017   0.000
   83   N   0.041   0.011   0.000
   84   V   0.016   0.015   0.000
   85   E   0.020   0.022   0.000
   86   R   0.013   0.020   0.000
   87   V   0.028   0.017   0.000
   88   E   0.018   0.015   0.000
   89   F   0.013   0.025   0.000
   90   S   0.026   0.034   0.000
   91   A   0.018   0.091   0.000
   92   C   0.016   0.099   0.000
   93   S   0.029   0.076   0.000
   94   G   0.023   0.050   0.000
   95   E   0.223   0.040   0.000
   96   D   0.018   0.039   0.000
   97   R   0.016   0.046   0.000
   98   Q   0.052   0.034   0.000
   99   E   0.019   0.042   0.000
  100   W   0.015   0.063   0.000
  101   G   0.016   0.035   0.000
  102   K   0.020   0.037   0.000
  103   A   0.013   0.038   0.000
  104   L   0.019   0.043   0.000
  105   F   0.013   0.041   0.000
  106   S   0.015   0.036   0.000
  107   W   0.016   0.035   0.000
  108   Q   0.013   0.032   0.000
  109   R   0.013   0.029   0.000
  110   Y   0.014   0.040   0.000
  111   Y   0.013   0.030   0.000
  112   W   0.014   0.096   0.000
  113   R   0.017   0.146   0.000
  114   D   0.066   0.071   0.000
  115   P   0.015   0.124   0.000
  116   V   0.017   0.145   0.008
  117   A   0.014   0.167   0.017
  118   A   0.021   0.123   0.029
  119   S   0.101   0.063   0.073
  120   P   0.024   0.063   0.037
  121   E   0.036   0.032   0.048
  122   K   0.018   0.018   0.033
  123   D   0.015   0.017   0.030
  124   S   0.014   0.039   0.028
  125   A   0.020   0.024   0.034
  126   A   0.035   0.022   0.044
  127   S   0.104   0.010   0.075
  128   E   0.045   0.013   0.046
  129   T   0.016   0.018   0.024
  130   R   0.020   0.019   0.025
  131   L   0.015   0.012   0.019
  132   Q   0.020   0.007   0.017
  133   L   0.014   0.007   0.006
  134   E   0.023   0.008   0.000
  135   Q   0.015   0.021   0.000
  136   I   0.015   0.019   0.000
  137   I   0.015   0.042   0.000
  138   A   0.013   0.050   0.000
  139   K   0.039   0.029   0.000
  140   H   0.017   0.034   0.000
  141   Y   0.016   0.039   0.000
  142   A   0.019   0.039   0.000
  143   Q   0.074   0.040   0.000
  144   K   0.030   0.036   0.000
  145   P   0.017   0.023   0.000
  146   T   0.016   0.029   0.000
  147   N   0.016   0.031   0.000
  148   A   0.021   0.026   0.000
  149   H   0.188   0.038   0.000
  150   T   0.014   0.040   0.000
  151   I   0.034   0.040   0.000
  152   S   0.017   0.034   0.000
  153   F   0.014   0.040   0.000
  154   A   0.019   0.045   0.000
  155   A   0.019   0.046   0.000
  156   A   0.014   0.040   0.000
  157   K   0.069   0.040   0.000
  158   Q   0.032   0.042   0.000
  159   P   0.017   0.043   0.000
  160   I   0.020   0.045   0.000
  161   S   0.013   0.062   0.000
  162   F   0.018   0.063   0.000
  163   L   0.024   0.063   0.000
  164   R   0.033   0.082   0.000
  165   R   0.031   0.067   0.000
  166   N   0.089   0.094   0.000
  167   A   0.026   0.174   0.000
  168   H   0.024   0.161   0.000
  169   S   0.020   0.127   0.000
  170   L   0.057   0.072   0.000
  171   R   0.017   0.086   0.000
  172   R   0.025   0.072   0.000
  173   S   0.019   0.067   0.000
  174   L   0.018   0.054   0.000
  175   S   0.016   0.093   0.000
  176   L   0.050   0.079   0.005
  177   S   0.019   0.043   0.010
  178   S   0.031   0.049   0.013
  179   T   0.020   0.077   0.012
  180   V   0.025   0.171   0.017
  181   A   0.021   0.133   0.025
  182   N   0.058   0.138   0.048
  183   T   0.044   0.137   0.045
  184   A   0.049   0.114   0.051
  185   K   0.100   0.087   0.078
  186   P   0.041   0.071   0.052
  187   E   0.091   0.067   0.080
  188   S   0.015   0.055   0.033
  189   D   0.033   0.067   0.050
  190   A   0.026   0.042   0.046
  191   D   0.221   0.019   0.132
  192   P   0.015   0.023   0.033
  193   T   0.043   0.017   0.056
  194   D   0.017   0.008   0.033
  195   C   0.013   0.006   0.027
  196   V   0.019   0.005   0.027
  197   K   0.013   0.007   0.018
  198   V   0.014   0.006   0.013
  199   K   0.015   0.004   0.003
  200   V   0.012   0.005   0.000
  201   A   0.013   0.008   0.000
  202   L   0.020   0.007   0.000
  203   A   0.017   0.011   0.000
  204   K   0.046   0.006   0.000
  205   V   0.017   0.014   0.000
  206   E   0.016   0.026   0.000
  207   C   0.020   0.033   0.000
  208   P   0.027   0.077   0.000
  209   E   0.030   0.088   0.000
  210   V   0.014   0.104   0.000
  211   A   0.021   0.101   0.000
  212   K   0.063   0.052   0.027
  213   D   0.069   0.045   0.034
  214   N   0.085   0.037   0.043
  215   N   0.029   0.023   0.026
  216   V   0.021   0.015   0.022
  217   C   0.019   0.013   0.021
  218   Q   0.020   0.026   0.019
  219   A   0.018   0.014   0.019
  220   T   0.020   0.014   0.020
  221   A   0.014   0.011   0.016
  222   V   0.034   0.018   0.024
  223   T   0.017   0.022   0.016
  224   P   0.015   0.010   0.014
  225   H   0.018   0.009   0.011
  226   Y   0.014   0.014   0.002
  227   V   0.014   0.013   0.000
  228   P   0.014   0.024   0.000
  229   T   0.015   0.049   0.000
  230   H   0.021   0.026   0.000
  231   F   0.015   0.034   0.000
  232   G   0.022   0.072   0.000
  233   R   0.042   0.030   0.010
  234   G   0.018   0.039   0.008
  235   N   0.052   0.029   0.018
  236   N   0.015   0.016   0.011
  237   Q   0.030   0.015   0.016
  238   E   0.051   0.013   0.020
  239   A   0.018   0.014   0.011
  240   H   0.018   0.020   0.010
>ALI_PLTG_2            length = 240
# Measure  Position  Value  Cutoff  signal peptide?
  max. C    95       0.223   0.33   NO
  max. Y   191       0.132   0.32   NO
  max. S    10       0.281   0.82   NO
  mean S     1-190   0.051   0.47   NO

SignalP-HMM result:
>ALI_PLTG_2
# pos  aa    C       S      n-reg   h-reg   c-reg
    1   M   0.000   0.000   0.000   0.000   0.000
    2   T   0.000   0.000   0.000   0.000   0.000
    3   R   0.000   0.000   0.000   0.000   0.000
    4   Q   0.000   0.000   0.000   0.000   0.000
    5   G   0.000   0.000   0.000   0.000   0.000
    6   Y   0.000   0.000   0.000   0.000   0.000
    7   L   0.000   0.000   0.000   0.000   0.000
    8   I   0.000   0.000   0.000   0.000   0.000
    9   V   0.000   0.000   0.000   0.000   0.000
   10   H   0.000   0.000   0.000   0.000   0.000
   11   D   0.000   0.000   0.000   0.000   0.000
   12   K   0.000   0.000   0.000   0.000   0.000
   13   R   0.000   0.000   0.000   0.000   0.000
   14   S   0.000   0.000   0.000   0.000   0.000
   15   R   0.000   0.000   0.000   0.000   0.000
   16   P   0.000   0.000   0.000   0.000   0.000
   17   T   0.000   0.000   0.000   0.000   0.000
   18   V   0.000   0.000   0.000   0.000   0.000
   19   R   0.000   0.000   0.000   0.000   0.000
   20   Y   0.000   0.000   0.000   0.000   0.000
   21   L   0.000   0.000   0.000   0.000   0.000
   22   S   0.000   0.000   0.000   0.000   0.000
   23   L   0.000   0.000   0.000   0.000   0.000
   24   E   0.000   0.000   0.000   0.000   0.000
   25   D   0.000   0.000   0.000   0.000   0.000
   26   G   0.000   0.000   0.000   0.000   0.000
   27   F   0.000   0.000   0.000   0.000   0.000
   28   L   0.000   0.000   0.000   0.000   0.000
   29   R   0.000   0.000   0.000   0.000   0.000
   30   Q   0.000   0.000   0.000   0.000   0.000
   31   Y   0.000   0.000   0.000   0.000   0.000
   32   A   0.000   0.000   0.000   0.000   0.000
   33   S   0.000   0.000   0.000   0.000   0.000
   34   T   0.000   0.000   0.000   0.000   0.000
   35   D   0.000   0.000   0.000   0.000   0.000
   36   S   0.000   0.000   0.000   0.000   0.000
   37   T   0.000   0.000   0.000   0.000   0.000
   38   K   0.000   0.000   0.000   0.000   0.000
   39   C   0.000   0.000   0.000   0.000   0.000
   40   L   0.000   0.000   0.000   0.000   0.000
   41   N   0.000   0.000   0.000   0.000   0.000
   42   E   0.000   0.000   0.000   0.000   0.000
   43   I   0.000   0.000   0.000   0.000   0.000
   44   R   0.000   0.000   0.000   0.000   0.000
   45   L   0.000   0.000   0.000   0.000   0.000
   46   S   0.000   0.000   0.000   0.000   0.000
   47   G   0.000   0.000   0.000   0.000   0.000
   48   C   0.000   0.000   0.000   0.000   0.000
   49   K   0.000   0.000   0.000   0.000   0.000
   50   I   0.000   0.000   0.000   0.000   0.000
   51   A   0.000   0.000   0.000   0.000   0.000
   52   V   0.000   0.000   0.000   0.000   0.000
   53   K   0.000   0.000   0.000   0.000   0.000
   54   A   0.000   0.000   0.000   0.000   0.000
   55   Q   0.000   0.000   0.000   0.000   0.000
   56   K   0.000   0.000   0.000   0.000   0.000
   57   R   0.000   0.000   0.000   0.000   0.000
   58   A   0.000   0.000   0.000   0.000   0.000
   59   D   0.000   0.000   0.000   0.000   0.000
   60   G   0.000   0.000   0.000   0.000   0.000
   61   V   0.000   0.000   0.000   0.000   0.000
   62   P   0.000   0.000   0.000   0.000   0.000
   63   N   0.000   0.000   0.000   0.000   0.000
   64   S   0.000   0.000   0.000   0.000   0.000
   65   F   0.000   0.000   0.000   0.000   0.000
   66   Y   0.000   0.000   0.000   0.000   0.000
   67   L   0.000   0.000   0.000   0.000   0.000
   68   E   0.000   0.000   0.000   0.000   0.000
   69   T   0.000   0.000   0.000   0.000   0.000
   70   R   0.000   0.000   0.000   0.000   0.000
   71   K   0.000   0.000   0.000   0.000   0.000
   72   V   0.000   0.000   0.000   0.000   0.000
   73   F   0.000   0.000   0.000   0.000   0.000
   74   V   0.000   0.000   0.000   0.000   0.000
   75   K   0.000   0.000   0.000   0.000   0.000
   76   D   0.000   0.000   0.000   0.000   0.000
   77   R   0.000   0.000   0.000   0.000   0.000
   78   S   0.000   0.000   0.000   0.000   0.000
   79   Y   0.000   0.000   0.000   0.000   0.000
   80   T   0.000   0.000   0.000   0.000   0.000
   81   L   0.000   0.000   0.000   0.000   0.000
   82   G   0.000   0.000   0.000   0.000   0.000
   83   N   0.000   0.000   0.000   0.000   0.000
   84   V   0.000   0.000   0.000   0.000   0.000
   85   E   0.000   0.000   0.000   0.000   0.000
   86   R   0.000   0.000   0.000   0.000   0.000
   87   V   0.000   0.000   0.000   0.000   0.000
   88   E   0.000   0.000   0.000   0.000   0.000
   89   F   0.000   0.000   0.000   0.000   0.000
   90   S   0.000   0.000   0.000   0.000   0.000
   91   A   0.000   0.000   0.000   0.000   0.000
   92   C   0.000   0.000   0.000   0.000   0.000
   93   S   0.000   0.000   0.000   0.000   0.000
   94   G   0.000   0.000   0.000   0.000   0.000
   95   E   0.000   0.000   0.000   0.000   0.000
   96   D   0.000   0.000   0.000   0.000   0.000
   97   R   0.000   0.000   0.000   0.000   0.000
   98   Q   0.000   0.000   0.000   0.000   0.000
   99   E   0.000   0.000   0.000   0.000   0.000
  100   W   0.000   0.000   0.000   0.000   0.000
  101   G   0.000   0.000   0.000   0.000   0.000
  102   K   0.000   0.000   0.000   0.000   0.000
  103   A   0.000   0.000   0.000   0.000   0.000
  104   L   0.000   0.000   0.000   0.000   0.000
  105   F   0.000   0.000   0.000   0.000   0.000
  106   S   0.000   0.000   0.000   0.000   0.000
  107   W   0.000   0.000   0.000   0.000   0.000
  108   Q   0.000   0.000   0.000   0.000   0.000
  109   R   0.000   0.000   0.000   0.000   0.000
  110   Y   0.000   0.000   0.000   0.000   0.000
  111   Y   0.000   0.000   0.000   0.000   0.000
  112   W   0.000   0.000   0.000   0.000   0.000
  113   R   0.000   0.000   0.000   0.000   0.000
  114   D   0.000   0.000   0.000   0.000   0.000
  115   P   0.000   0.000   0.000   0.000   0.000
  116   V   0.000   0.000   0.000   0.000   0.000
  117   A   0.000   0.000   0.000   0.000   0.000
  118   A   0.000   0.000   0.000   0.000   0.000
  119   S   0.000   0.000   0.000   0.000   0.000
  120   P   0.000   0.000   0.000   0.000   0.000
  121   E   0.000   0.000   0.000   0.000   0.000
  122   K   0.000   0.000   0.000   0.000   0.000
  123   D   0.000   0.000   0.000   0.000   0.000
  124   S   0.000   0.000   0.000   0.000   0.000
  125   A   0.000   0.000   0.000   0.000   0.000
  126   A   0.000   0.000   0.000   0.000   0.000
  127   S   0.000   0.000   0.000   0.000   0.000
  128   E   0.000   0.000   0.000   0.000   0.000
  129   T   0.000   0.000   0.000   0.000   0.000
  130   R   0.000   0.000   0.000   0.000   0.000
  131   L   0.000   0.000   0.000   0.000   0.000
  132   Q   0.000   0.000   0.000   0.000   0.000
  133   L   0.000   0.000   0.000   0.000   0.000
  134   E   0.000   0.000   0.000   0.000   0.000
  135   Q   0.000   0.000   0.000   0.000   0.000
  136   I   0.000   0.000   0.000   0.000   0.000
  137   I   0.000   0.000   0.000   0.000   0.000
  138   A   0.000   0.000   0.000   0.000   0.000
  139   K   0.000   0.000   0.000   0.000   0.000
  140   H   0.000   0.000   0.000   0.000   0.000
  141   Y   0.000   0.000   0.000   0.000   0.000
  142   A   0.000   0.000   0.000   0.000   0.000
  143   Q   0.000   0.000   0.000   0.000   0.000
  144   K   0.000   0.000   0.000   0.000   0.000
  145   P   0.000   0.000   0.000   0.000   0.000
  146   T   0.000   0.000   0.000   0.000   0.000
  147   N   0.000   0.000   0.000   0.000   0.000
  148   A   0.000   0.000   0.000   0.000   0.000
  149   H   0.000   0.000   0.000   0.000   0.000
  150   T   0.000   0.000   0.000   0.000   0.000
  151   I   0.000   0.000   0.000   0.000   0.000
  152   S   0.000   0.000   0.000   0.000   0.000
  153   F   0.000   0.000   0.000   0.000   0.000
  154   A   0.000   0.000   0.000   0.000   0.000
  155   A   0.000   0.000   0.000   0.000   0.000
  156   A   0.000   0.000   0.000   0.000   0.000
  157   K   0.000   0.000   0.000   0.000   0.000
  158   Q   0.000   0.000   0.000   0.000   0.000
  159   P   0.000   0.000   0.000   0.000   0.000
  160   I   0.000   0.000   0.000   0.000   0.000
  161   S   0.000   0.000   0.000   0.000   0.000
  162   F   0.000   0.000   0.000   0.000   0.000
  163   L   0.000   0.000   0.000   0.000   0.000
  164   R   0.000   0.000   0.000   0.000   0.000
  165   R   0.000   0.000   0.000   0.000   0.000
  166   N   0.000   0.000   0.000   0.000   0.000
  167   A   0.000   0.000   0.000   0.000   0.000
  168   H   0.000   0.000   0.000   0.000   0.000
  169   S   0.000   0.000   0.000   0.000   0.000
  170   L   0.000   0.000   0.000   0.000   0.000
  171   R   0.000   0.000   0.000   0.000   0.000
  172   R   0.000   0.000   0.000   0.000   0.000
  173   S   0.000   0.000   0.000   0.000   0.000
  174   L   0.000   0.000   0.000   0.000   0.000
  175   S   0.000   0.000   0.000   0.000   0.000
  176   L   0.000   0.000   0.000   0.000   0.000
  177   S   0.000   0.000   0.000   0.000   0.000
  178   S   0.000   0.000   0.000   0.000   0.000
  179   T   0.000   0.000   0.000   0.000   0.000
  180   V   0.000   0.000   0.000   0.000   0.000
  181   A   0.000   0.000   0.000   0.000   0.000
  182   N   0.000   0.000   0.000   0.000   0.000
  183   T   0.000   0.000   0.000   0.000   0.000
  184   A   0.000   0.000   0.000   0.000   0.000
  185   K   0.000   0.000   0.000   0.000   0.000
  186   P   0.000   0.000   0.000   0.000   0.000
  187   E   0.000   0.000   0.000   0.000   0.000
  188   S   0.000   0.000   0.000   0.000   0.000
  189   D   0.000   0.000   0.000   0.000   0.000
  190   A   0.000   0.000   0.000   0.000   0.000
  191   D   0.000   0.000   0.000   0.000   0.000
  192   P   0.000   0.000   0.000   0.000   0.000
  193   T   0.000   0.000   0.000   0.000   0.000
  194   D   0.000   0.000   0.000   0.000   0.000
  195   C   0.000   0.000   0.000   0.000   0.000
  196   V   0.000   0.000   0.000   0.000   0.000
  197   K   0.000   0.000   0.000   0.000   0.000
  198   V   0.000   0.000   0.000   0.000   0.000
  199   K   0.000   0.000   0.000   0.000   0.000
  200   V   0.000   0.000   0.000   0.000   0.000
  201   A   0.000   0.000   0.000   0.000   0.000
  202   L   0.000   0.000   0.000   0.000   0.000
  203   A   0.000   0.000   0.000   0.000   0.000
  204   K   0.000   0.000   0.000   0.000   0.000
  205   V   0.000   0.000   0.000   0.000   0.000
  206   E   0.000   0.000   0.000   0.000   0.000
  207   C   0.000   0.000   0.000   0.000   0.000
  208   P   0.000   0.000   0.000   0.000   0.000
  209   E   0.000   0.000   0.000   0.000   0.000
  210   V   0.000   0.000   0.000   0.000   0.000
  211   A   0.000   0.000   0.000   0.000   0.000
  212   K   0.000   0.000   0.000   0.000   0.000
  213   D   0.000   0.000   0.000   0.000   0.000
  214   N   0.000   0.000   0.000   0.000   0.000
  215   N   0.000   0.000   0.000   0.000   0.000
  216   V   0.000   0.000   0.000   0.000   0.000
  217   C   0.000   0.000   0.000   0.000   0.000
  218   Q   0.000   0.000   0.000   0.000   0.000
  219   A   0.000   0.000   0.000   0.000   0.000
  220   T   0.000   0.000   0.000   0.000   0.000
  221   A   0.000   0.000   0.000   0.000   0.000
  222   V   0.000   0.000   0.000   0.000   0.000
  223   T   0.000   0.000   0.000   0.000   0.000
  224   P   0.000   0.000   0.000   0.000   0.000
  225   H   0.000   0.000   0.000   0.000   0.000
  226   Y   0.000   0.000   0.000   0.000   0.000
  227   V   0.000   0.000   0.000   0.000   0.000
  228   P   0.000   0.000   0.000   0.000   0.000
  229   T   0.000   0.000   0.000   0.000   0.000
  230   H   0.000   0.000   0.000   0.000   0.000
  231   F   0.000   0.000   0.000   0.000   0.000
  232   G   0.000   0.000   0.000   0.000   0.000
  233   R   0.000   0.000   0.000   0.000   0.000
  234   G   0.000   0.000   0.000   0.000   0.000
  235   N   0.000   0.000   0.000   0.000   0.000
  236   N   0.000   0.000   0.000   0.000   0.000
  237   Q   0.000   0.000   0.000   0.000   0.000
  238   E   0.000   0.000   0.000   0.000   0.000
  239   A   0.000   0.000   0.000   0.000   0.000
  240   H   0.000   0.000   0.000   0.000   0.000
>ALI_PLTG_2
Prediction: Non-secretory protein
Signal peptide probability: 0.000
Signal anchor probability: 0.000
Max cleavage site probability: 0.000 between pos. -1 and  0
